1 1
2 2
3 4
4 2
5 8
6 16
7 16
8 88
9 16
10 32
11 416
12 272
13 64
14 1824
15 2880
16 272
17 128
18 7680
19 24576
20 7936
21 256
22 31616
23 185856
24 137216
25 7936
26 512
27 128512
28 1304832
29 1841152
30 353792
31 1024
32 518656
33 8728576
34 21253376
35 9061376
36 353792
37 2048
38 2084864
39 56520704
40 222398464
41 175627264
42 22368256
43 4096
44 8361984
45 357888000
46 2174832640
47 2868264960
48 795300864
49 22368256
50 8192
51 33497088
52 2230947840
53 20261765120
54 41731645440
55 21016670208
56 1903757312